basic.1 {
    workers     : 0 1 2 3 4
    tasks       :   0   1   2   3
    cost        : [
            0       90  80  75  70
            1       35  85  55  65
            2       125 95  90  95
            3       45  110 95  115
            4       50  100 90  100
    ]
}
basic.2 {
    workers     : A B C D
    tasks       :   1   2   3
    cost        : [
            A       8   4   7
            B       5   2   3
            C       9   6   7
            D       9   4   8
    ]
}
basic.3 {
    workers     : A B C D E
    tasks       :   1   2   3   4
    cost        : [
            A       5   8   6   10
            B       7   5   7   4
            C       11  5   10  8
            D       6   6   7   2
            E       7   5   3   4
    ]
}
basic.4 {
    workers     : A B C D E
    tasks       :   M1  M2  M3  M4
    cost        : [
            A       4   6   4   x
            B       5   4   5   2
            C       9   x   8   6
            D       4   4   5   1
            E       5   3   1   2
    ]
}
basic.5 {
    workers     : 1 2 3 4
    tasks       :   A   B   C   D
    cost        : [
            1       10  5   12  8
            2       12  10  14  15
            3       19  7   13  11
            4       11  8   11  9
    ]
}
basic.6 {
    workers     : 0 1 2 3 4 5
    tasks       :   0   1   2   3
    cost        : [
            0       90  76  75  70
            1       35  85  55  65
            2       125 95  90  105
            3       45  110 95  115
            4       60  105 80  75
            5       45  65  110 95
    ]
    teams       : [
                    0 2 4
                    1 3 5
    ]
    maxPerTeam  : 2
}
bottleneck.1 {
    workers     : 0 1 2 3 4
    tasks       :   0   1   2   3
    cost        : [
            0       90  80  75  70
            1       35  85  55  65
            2       125 95  90  95
            3       45  110 95  115
            4       50  100 90  100
    ]
}
bottleneck.2 {
    workers     : A B C D
    tasks       :   1   2   3
    cost        : [
            A       8   4   7
            B       5   2   3
            C       9   6   7
            D       9   4   8
    ]
}
bottleneck.3 {
    workers     : A B C D E
    tasks       :   1   2   3   4
    cost        : [
            A       5   8   6   10
            B       7   5   7   4
            C       11  5   10  8
            D       6   6   7   2
            E       7   5   3   4
    ]
}
bottleneck.4 {
    workers     : A B C D E
    tasks       :   M1  M2  M3  M4
    cost        : [
            A       4   6   4   x
            B       5   4   5   2
            C       9   x   8   6
            D       4   4   5   1
            E       5   3   1   2
    ]
}
bottleneck.5 {
    workers     : 1 2 3 4
    tasks       :   A   B   C   D
    cost        : [
            1       10  5   12  8
            2       12  10  14  15
            3       19  7   13  11
            4       11  8   11  9
    ]
}
bottleneck.6 {
    workers     : 0 1 2 3 4 5
    tasks       :   0   1   2   3
    cost        : [
            0       90  76  75  70
            1       35  85  55  65
            2       125 95  90  105
            3       45  110 95  115
            4       60  105 80  75
            5       45  65  110 95
    ]
}
general.1 {
    workers     :   A   B   C
    capacity    :   6   5   7
    tasks       :   1   2   3   4
    cost        : [
            A       2   3   4   2
            B       3   1   2   2
            C       4   2   1   3
    ]
    value       : [
            A       5   7   10  9
            B       8   4   6   5
            C       10  6   3   4
    ]
}
general.2 {
    workers     :   A   B   C   D   E
    capacity    :   80  63  75  98  59
    tasks       :   1   2   3   4   5   6   7   8   9   10
    cost        : [
            A       3   15  54  92  19  91  15  47  34  35
            B       24  23  43  83  10  55  25  43  23  23
            C       53  43  27  45  33  32  35  35  52  34
            D       27  74  21  35  43  26  37  32  46  25
            E       17  23  36  23  12  23  28  37  43  40
    ]
    value       : [
            A       15  19  10  60  21  67  23  23  15  10
            B       44  23  6   45  12  65  34  25  13  15
            C       76  45  3   34  34  34  44  32  23  23
            D       43  46  23  36  44  20  47  15  24  12
            E       34  34  15  23  10  37  32  27  34  13
    ]
}
general.3 {
    workers     :   A   B   C   D   E
    capacity    :   58  58  62  64  60
    tasks       :   1   2   3   4   5   6   7   8    9  10  11  12  13  14  15  16  17  18  19  20  21  22  23  24  25
    cost        : [
            A       25  23  5   13  6   15  24  9   17  11  5   6   8   14  9   9   21  23  13  8   22  20  24  15  20
            B       18  8   5   20  8   7   13  17  9   16  19  11  6   12  25  23  9   21  11  15  24  23  15  21  12
            C       7   25  13  9   16  16  8   17  5   17  10  18  21  25  17  24  20  16  9   18  18  18  16  6   24
            D       25  11  8   7   25  20  24  16  9   15  22  10  17  6   22  11  19  20  14  14  8   18  22  18  22
            E       7   16  20  18  13  10  15  20  5   19  11  6   11  23  15  21  15  20  21  11  9   25  17  18  12
    ]
    value       : [
            A       18  19  19  17  24  25  24  25  25  23  20  21  25  17  25  21  25  19  23  19  20  15  25  23  17
            B       25  17  18  16  18  15  23  20  19  22  23  18  17  16  16  24  16  23  23  24  19  17  15  17  17
            C       17  25  15  23  21  20  24  17  21  22  22  15  18  23  17  22  20  24  19  18  15  15  18  19  19
            D       21  16  25  23  18  21  18  16  21  21  15  21  24  23  24  23  20  25  24  18  19  23  22  22  16
            E       24  16  24  19  16  25  23  25  17  21  21  22  17  25  19  21  23  19  17  24  19  15  20  15  20
    ]
}
general.4 {
    workers     :   A   B   C   D   E   F   G   H
    capacity    :   36  35  38  34  32  34  31  34
    tasks       :   1  2  3  4  5  6  7  8  9  10 11 12 13 14 15 16 17 18 19 20 21 22 23 24
    cost        : [
            A        8 18 22  5 11 11 22 11 17 22 11 20 13 13  7 22 15 22 24  8  8 24 18  8
            B       24 14 11 15 24  8 10 15 19 25  6 13 10 25 19 24 13 12  5 18 10 24  8  5
            C       22 22 21 22 13 16 21  5 25 13 12  9 24  6 22 24 11 21 11 14 12 10 20  6
            D       13  8 19 12 19 18 10 21  5  9 11  9 22  8 12 13  9 25 19 24 22  6 19 14
            E       25 16 13  5 11  8  7  8 25 20 24 20 11  6 10 10  6 22 10 10 13 21  5 19
            F       19 19  5 11 22 24 18 11  6 13 24 24 22  6 22  5 14  6 16 11  6  8 18 10
            G       24 10  9 10  6 15  7 13 20  8  7  9 24  9 21  9 11 19 10  5 23 20  5 21
            H        6  9  9  5 12 10 16 15 19 18 20 18 16 21 11 12 22 16 21 25  7 14 16 10
    ]
    value       : [
            A       25 23 20 16 19 22 20 16 15 22 15 21 20 23 20 22 19 25 25 24 21 17 23 17
            B       16 19 22 22 19 23 17 24 15 24 18 19 20 24 25 25 19 24 18 21 16 25 15 20
            C       20 18 23 23 23 17 19 16 24 24 17 23 19 22 23 25 23 18 19 24 20 17 23 23
            D       16 16 15 23 15 15 25 22 17 20 19 16 17 17 20 17 17 18 16 18 15 25 22 17
            E       17 23 21 20 24 22 25 17 22 20 16 22 21 23 24 15 22 25 18 19 19 17 22 23
            F       24 21 23 17 21 19 19 17 18 24 15 15 17 18 15 24 19 21 23 24 17 20 16 21
            G       18 21 22 23 22 15 18 15 21 22 15 23 21 25 25 23 20 16 25 17 15 15 18 16
            H       19 24 18 17 21 18 24 25 18 23 21 15 24 23 18 18 23 23 16 20 20 19 25 21
    ]
}
quadratic.1 {
    count       : 4
    distance    : [
            0   2   3   1
            2   0   1   4
            3   1   0   2
            1   4   2   0
    ]
    flow        : [
            0   1   2   3
            1   0   4   2
            2   4   0   1
            3   2   1   0
    ]
}
quadratic.2 {
    count       : 12
    distance    : [
            0    90    10    23    43     0     0     0     0     0    0     0
           90     0     0     0     0    88     0     0     0     0    0     0
           10     0     0     0     0     0    26    16     0     0    0     0
           23     0     0     0     0     0     0     0     0     0    0     0
           43     0     0     0     0     0     0     0     0     0    0     0
            0    88     0     0     0     0     0     0     1     0    0     0
            0     0    26     0     0     0     0     0     0     0    0     0
            0     0    16     0     0     0     0     0     0    96    0     0
            0     0     0     0     0     1     0     0     0     0   29     0
            0     0     0     0     0     0     0    96     0     0    0    37
            0     0     0     0     0     0     0     0    29     0    0     0
            0     0     0     0     0     0     0     0     0    37    0     0
    ]
    flow        : [
            0    36    54    26    59    72     9    34    79    17   46    95
           36     0    73    35    90    58    30    78    35    44   79    36
           54    73     0    21    10    97    58    66    69    61   54    63
           26    35    21     0    93    12    46    40    37    48   68    85
           59    90    10    93     0    64     5    29    76    16    5    76
           72    58    97    12    64     0    96    55    38    54    0    34
            9    30    58    46     5    96     0    83    35    11   56    37
           34    78    66    40    29    55    83     0    44    12   15    80
           79    35    69    37    76    38    35    44     0    64   39    33
           17    44    61    48    16    54    11    12    64     0   70    86
           46    79    54    68     5     0    56    15    39    70    0    18
           95    36    63    85    76    34    37    80    33    86   18     0
    ]
}
quadratic_bottleneck.1 {
    count       : 4
    distance    : [
            0   2   3   1
            2   0   1   4
            3   1   0   2
            1   4   2   0
    ]
    flow        : [
            0   1   2   3
            1   0   4   2
            2   4   0   1
            3   2   1   0
    ]
}
quadratic_bottleneck.2 {
    count       : 12
    distance    : [
            0    90    10    23    43     0     0     0     0     0    0     0
           90     0     0     0     0    88     0     0     0     0    0     0
           10     0     0     0     0     0    26    16     0     0    0     0
           23     0     0     0     0     0     0     0     0     0    0     0
           43     0     0     0     0     0     0     0     0     0    0     0
            0    88     0     0     0     0     0     0     1     0    0     0
            0     0    26     0     0     0     0     0     0     0    0     0
            0     0    16     0     0     0     0     0     0    96    0     0
            0     0     0     0     0     1     0     0     0     0   29     0
            0     0     0     0     0     0     0    96     0     0    0    37
            0     0     0     0     0     0     0     0    29     0    0     0
            0     0     0     0     0     0     0     0     0    37    0     0
    ]
    flow        : [
            0    36    54    26    59    72     9    34    79    17   46    95
           36     0    73    35    90    58    30    78    35    44   79    36
           54    73     0    21    10    97    58    66    69    61   54    63
           26    35    21     0    93    12    46    40    37    48   68    85
           59    90    10    93     0    64     5    29    76    16    5    76
           72    58    97    12    64     0    96    55    38    54    0    34
            9    30    58    46     5    96     0    83    35    11   56    37
           34    78    66    40    29    55    83     0    44    12   15    80
           79    35    69    37    76    38    35    44     0    64   39    33
           17    44    61    48    16    54    11    12    64     0   70    86
           46    79    54    68     5     0    56    15    39    70    0    18
           95    36    63    85    76    34    37    80    33    86   18     0
    ]
}
weapon.1 {
    weapons     :   T   A   V
    count       :   5   2   1
    value       :   5   10  20
    targets     :   1       2       3
    chance      : [
            T       0.3     0.2     0.5
            A       0.1     0.6     0.5
            V       0.4     0.5     0.4
    ]
}