cover.1
1 1 1
6
1.0
0.6 0.4 0.7 0.3 0.5 0.8 0.2 0.9 0.1 0.5
-------------------------------------------------
cover.2
1 1 1
6
100
24 35 18 22 16 29 20 17 38 14 31 28 32
-------------------------------------------------
pack.1
1 1 1
5
10
4 8 1 4 2 1
-------------------------------------------------
pack.2
1 1 1
5
10
9 8 2 2 5 4
-------------------------------------------------
pack.3
1 1 1
5
10
2 5 4 7 1 3 8
-------------------------------------------------
pack.4
1 1 1
5
100
48 30 19 36 36 27 42 42 36 24 30
-------------------------------------------------
pack.5
1 1 1
6
15
8 6 7 5 9 4 3 6 5 6
-------------------------------------------------
pack.6
1 1 1
6
10
4 4 4 4 4 6 6 6 6 6
-------------------------------------------------
pack.7
1 1 1
20
80
26 8 45 57 18 5 11 29 22 16 8 27 17 21 6 12 13 54 63 14 3 18 45 16 24 32 11 57 14 35 27 26 54 36 43 72 46 28 42 27 15 59 41 41 68
-------------------------------------------------
