# NumWorkers NumTasks 
# Profit Matrix 
# Weight Matrix
# Worker Capacities
5 10
    1   2   3   4   5   6   7   8   9   10
A   15  19  10  60  21  67  23  23  15  10
B   44  23  6   45  12  65  34  25  13  15
C   76  45  3   34  34  34  44  32  23  23
D   43  46  23  36  44  20  47  15  24  12
E   34  34  15  23  10  37  32  27  34  13
A   3   15  54  92  19  91  15  47  34  35
B   24  23  43  83  10  55  25  43  23  23
C   53  43  27  45  33  32  35  35  52  34
D   27  74  21  35  43  26  37  32  46  25
E   17  23  36  23  12  23  28  37  43  40 
A   80
B   63
C   75
D   98
E   59