basic.1
A   B   C   D   E   F   G   H   I   J   K
0   1   2   3   3   5   5   6   8   8   12
6   4   13  8   5   7   9   10  12  11  14
# Solution: B F J K
-------------------------------------------------
basic.2
01  02  03  04  05  06  07  08  09  10  11
1   3   0   5   3   5   6   8   8   2   12
4   5   6   7   9   9   10  11  12  14  16
# Solution: 01 04 08 11
-------------------------------------------------
weight.1
01  02  03  04  05  06  07  08  09
1   0   3   3   5   8   5   11  11
2   4   6   7   9   10  12  13  14
5   5   6   3   3   5   6   4   5
-------------------------------------------------