activity.1 
A   B   C   D   E   F   G   H   I   J   K
0   1   2   3   3   5   5   6   8   8   12
6   4   13  8   5   7   9   10  12  11  14
-------------------------------------------------
activity.2 
01  02  03  04  05  06  07  08  09  10  11
1   3   0   5   3   5   6   8   8   2   12
4   5   6   7   9   9   10  11  12  14  16
-------------------------------------------------
lis.1
5 2 8 6 3 6 9 7
-------------------------------------------------
lis.2 
2 9 1 5 6 4 3 8
-------------------------------------------------
lis.3 
2 5 3 7 8 4
-------------------------------------------------
sum.1 
9
3 34 4 12 5 2
-------------------------------------------------
sum.2
30
3 34 4 12 5 2
-------------------------------------------------
