basic.1 {
    stores          :   01 02 03 04 05 06 07 08 09 10
    warehouses      :   N   B   L   P   R
    capacity        :   1   4   2   1   3
    warehouseCost   :   30  30  30  30  30
    storeCost       : [
                01      20  24  11  25  30
                02      28  27  82  83  74
                03      74  97  71  96  70
                04      2   55  73  69  61
                05      46  96  59  83  4
                06      42  22  29  67  59
                07      1   5   73  59  56
                08      10  73  13  43  96
                09      93  35  63  85  46
                10      47  65  55  71  95
    ]
}